radio_0116 7 22 0.32
bed_0180 8 39 0.21
bed_0294 27 75 0.36
bed_0146 9 58 0.16
bed_0451 18 33 0.55
monitor_0241 2 4 0.50
bed_0516 0 4 0.00
radio_0122 0 1 0.00
monitor_0146 2 4 0.50
lamp_0053 3 5 0.60
monitor_0203 51 56 0.91
monitor_0095 7 9 0.78
bed_0148 7 13 0.54
vase_0429 6 15 0.40
bed_0263 17 44 0.39
bed_0486 0 2 0.00
monitor_0227 7 13 0.54
lamp_0129 3 5 0.60
monitor_0148 1 8 0.12
radio_0091 2 4 0.50
lamp_0075 154 332 0.46
bed_0455 9 25 0.36
bed_0346 31 57 0.54
bed_0447 1 4 0.25
vase_0219 0 1 0.00
monitor_0160 12 18 0.67
monitor_0194 1 2 0.50
monitor_0428 7 19 0.37
lamp_0103 5 8 0.62
radio_0047 3 6 0.50
monitor_0565 1 3 0.33
monitor_0470 12 28 0.43
monitor_0372 4 9 0.44
vase_0127 162 329 0.49
vase_0154 2 5 0.40
bed_0157 9 36 0.25
vase_0379 38 61 0.62
radio_0012 1 6 0.17
bed_0187 52 67 0.78
monitor_0118 1 18 0.06
bed_0093 2 8 0.25
radio_0024 5 8 0.62
vase_0485 2 5 0.40
bed_0066 1 2 0.50
monitor_0278 0 1 0.00
vase_0370 4 8 0.50
monitor_0457 11 18 0.61
radio_0070 96 106 0.91
vase_0031 256 497 0.52
radio_0103 57 68 0.84
bed_0352 0 1 0.00
monitor_0108 1 3 0.33
bed_0405 1 6 0.17
monitor_0163 10 17 0.59
bed_0416 1 2 0.50
vase_0292 19 39 0.49
bed_0115 19 29 0.66
lamp_0139 9 14 0.64
bed_0539 5 13 0.38
monitor_0161 15 33 0.45
bed_0481 1 2 0.50
vase_0245 0 6 0.00
lamp_0138 85 433 0.20
monitor_0416 2 5 0.40
vase_0078 12 21 0.57
monitor_0390 1 1 1.00
bed_0585 1 5 0.20
vase_0133 20 27 0.74
bed_0141 7 70 0.10
bed_0547 1 12 0.08
radio_0065 0 2 0.00
monitor_0479 1 3 0.33
monitor_0485 8 9 0.89
monitor_0548 6 12 0.50
monitor_0541 8 11 0.73
monitor_0266 6 10 0.60
bed_0183 1 9 0.11
lamp_0025 1 1 1.00
monitor_0422 8 24 0.33
vase_0316 29 43 0.67
bed_0013 5 15 0.33
bed_0154 5 9 0.56
monitor_0110 7 11 0.64
monitor_0191 29 46 0.63
monitor_0233 8 16 0.50
bed_0285 6 14 0.43
monitor_0251 3 4 0.75
lamp_0144 0 33 0.00
monitor_0518 40 75 0.53
bed_0050 5 11 0.45
monitor_0448 9 13 0.69
bed_0361 3 20 0.15
vase_0325 0 1 0.00
radio_0001 6 21 0.29
monitor_0066 2 3 0.67
monitor_0171 28 41 0.68
monitor_0130 1 6 0.17
bed_0011 5 32 0.16
vase_0492 53 108 0.49
vase_0197 4 10 0.40
bed_0422 6 16 0.38
monitor_0522 1 5 0.20
monitor_0291 0 1 0.00
vase_0512 0 1 0.00
lamp_0014 5 6 0.83
radio_0084 6 22 0.27
radio_0017 0 7 0.00
monitor_0096 3 4 0.75
lamp_0018 24 32 0.75
lamp_0126 21 24 0.88
bed_0230 9 20 0.45
lamp_0052 16 25 0.64
monitor_0382 3 9 0.33
vase_0333 13 18 0.72
monitor_0201 4 6 0.67
radio_0066 12 30 0.40
lamp_0051 2 6 0.33
monitor_0526 17 19 0.89
bed_0600 2 27 0.07
bed_0584 4 17 0.24
bed_0192 7 28 0.25
bed_0344 14 25 0.56
vase_0244 86 258 0.33
monitor_0542 13 16 0.81
bed_0328 12 31 0.39
monitor_0176 2 7 0.29
vase_0423 0 51 0.00
bed_0519 1 3 0.33
vase_0434 1 15 0.07
bed_0080 8 29 0.28
vase_0150 11 27 0.41
vase_0515 10 13 0.77
vase_0169 50 156 0.32
vase_0471 2 6 0.33
monitor_0296 5 6 0.83
monitor_0005 6 7 0.86
monitor_0045 18 95 0.19
monitor_0057 37 100 0.37
radio_0114 10 30 0.33
bed_0104 2 6 0.33
bed_0205 0 5 0.00
vase_0016 0 2 0.00
bed_0075 22 28 0.79
monitor_0051 2 14 0.14
bed_0316 0 30 0.00
lamp_0090 2 2 1.00
bed_0485 13 16 0.81
bed_0494 6 22 0.27
radio_0075 49 53 0.92
vase_0045 3 82 0.04
bed_0408 4 14 0.29
bed_0439 9 17 0.53
vase_0547 0 2 0.00
vase_0220 28 58 0.48
radio_0057 0 7 0.00
monitor_0446 1 9 0.11
bed_0283 1 9 0.11
bed_0537 27 79 0.34
bed_0048 15 27 0.56
bed_0222 1 11 0.09
bed_0479 28 67 0.42
bed_0049 4 7 0.57
bed_0375 8 27 0.30
monitor_0294 2 6 0.33
bed_0002 1 8 0.12
monitor_0343 1 3 0.33
bed_0127 4 13 0.31
monitor_0418 26 37 0.70
bed_0356 3 50 0.06
monitor_0395 9 10 0.90
bed_0072 1 10 0.10
bed_0456 23 63 0.37
vase_0397 10 13 0.77
lamp_0095 1 390 0.00
monitor_0217 5 7 0.71
radio_0090 2 5 0.40
monitor_0434 4 10 0.40
bed_0028 3 9 0.33
monitor_0381 3 6 0.50
monitor_0425 1 3 0.33
lamp_0045 6 13 0.46
bed_0193 0 9 0.00
monitor_0099 7 8 0.88
vase_0041 13 57 0.23
bed_0527 5 6 0.83
radio_0092 4 9 0.44
bed_0442 30 51 0.59
bed_0418 7 17 0.41
vase_0178 3 3 1.00
bed_0207 5 23 0.22
monitor_0532 33 47 0.70
bed_0120 40 45 0.89
monitor_0368 2 5 0.40
vase_0277 0 2 0.00
monitor_0455 15 26 0.58
monitor_0061 2 6 0.33
monitor_0158 2 11 0.18
bed_0254 1 5 0.20
lamp_0050 2 4 0.50
bed_0536 78 155 0.50
bed_0445 6 28 0.21
vase_0146 60 99 0.61
radio_0060 0 1 0.00
bed_0540 2 72 0.03
bed_0559 4 8 0.50
lamp_0113 78 335 0.23
vase_0508 3 6 0.50
vase_0530 3 6 0.50
monitor_0202 45 64 0.70
radio_0037 2 11 0.18
bed_0608 1 5 0.20
bed_0359 3 7 0.43
bed_0012 48 199 0.24
monitor_0392 10 11 0.91
bed_0237 0 4 0.00
monitor_0435 6 12 0.50
monitor_0379 5 6 0.83
monitor_0261 1 1 1.00
vase_0560 1 1 1.00
monitor_0260 12 25 0.48
bed_0190 3 13 0.23
monitor_0012 48 80 0.60
radio_0102 1 1 1.00
monitor_0534 3 3 1.00
bed_0323 1 67 0.01
vase_0093 119 878 0.14
monitor_0353 8 20 0.40
radio_0081 0 11 0.00
monitor_0358 10 14 0.71
bed_0345 1 36 0.03
monitor_0140 1 5 0.20
bed_0164 5 6 0.83
radio_0023 13 30 0.43
monitor_0038 5 8 0.62
bed_0353 5 14 0.36
lamp_0141 0 418 0.00
radio_0015 0 1 0.00
bed_0373 0 2 0.00
radio_0096 2 11 0.18
bed_0556 5 13 0.38
bed_0501 7 23 0.30
bed_0067 1 6 0.17
bed_0339 1 5 0.20
monitor_0154 1 1 1.00
monitor_0401 4 6 0.67
monitor_0186 13 16 0.81
bed_0551 3 16 0.19
lamp_0063 14 20 0.70
monitor_0242 1 7 0.14
vase_0205 4 8 0.50
monitor_0119 5 17 0.29
vase_0194 14 30 0.47
bed_0465 33 40 0.82
bed_0514 8 67 0.12
radio_0013 56 118 0.47
lamp_0105 0 92 0.00
monitor_0320 3 7 0.43
bed_0529 2 7 0.29
bed_0221 28 33 0.85
bed_0301 1 8 0.12
lamp_0127 42 77 0.55
bed_0060 4 25 0.16
monitor_0028 6 6 1.00
monitor_0226 42 55 0.76
monitor_0461 3 6 0.50
monitor_0502 0 6 0.00
bed_0431 10 33 0.30
bed_0594 0 1 0.00
bed_0409 4 10 0.40
bed_0271 2 4 0.50
bed_0194 4 16 0.25
bed_0061 9 11 0.82
monitor_0481 0 4 0.00
lamp_0008 19 72 0.26
monitor_0524 2 7 0.29
vase_0390 1 8 0.12
bed_0214 3 10 0.30
bed_0389 41 77 0.53
monitor_0133 6 8 0.75
bed_0333 32 153 0.21
monitor_0433 3 35 0.09
monitor_0440 1 1 1.00
bed_0009 80 222 0.36
monitor_0348 4 10 0.40
vase_0572 72 217 0.33
bed_0599 0 1 0.00
monitor_0009 9 16 0.56
bed_0550 13 22 0.59
radio_0040 3 4 0.75
monitor_0332 5 13 0.38
bed_0177 7 13 0.54
vase_0282 11 18 0.61
monitor_0484 10 14 0.71
monitor_0553 4 7 0.57
bed_0091 0 34 0.00
monitor_0199 4 10 0.40
vase_0344 0 3 0.00
monitor_0214 1 4 0.25
bed_0231 4 29 0.14
lamp_0096 168 295 0.57
bed_0303 7 25 0.28
bed_0380 21 56 0.38
bed_0279 1 14 0.07
bed_0512 43 47 0.91
bed_0029 5 23 0.22
lamp_0115 4 4 1.00
vase_0446 0 8 0.00
monitor_0429 7 13 0.54
bed_0047 4 13 0.31
bed_0457 1 8 0.12
bed_0092 2 9 0.22
bed_0395 16 103 0.16
monitor_0180 0 1 0.00
vase_0181 2 2 1.00
bed_0567 5 46 0.11
monitor_0376 13 20 0.65
monitor_0467 43 102 0.42
vase_0322 3 13 0.23
radio_0004 1 9 0.11
bed_0358 2 4 0.50
lamp_0087 0 31 0.00
radio_0002 10 20 0.50
monitor_0324 1 1 1.00
bed_0137 2 7 0.29
bed_0290 8 18 0.44
monitor_0174 21 34 0.62
bed_0218 18 27 0.67
bed_0360 0 33 0.00
monitor_0385 18 24 0.75
bed_0400 8 32 0.25
bed_0338 7 50 0.14
bed_0010 51 225 0.23
bed_0212 4 10 0.40
monitor_0328 0 2 0.00
monitor_0001 7 24 0.29
monitor_0403 7 10 0.70
lamp_0032 0 61 0.00
bed_0430 39 79 0.49
monitor_0563 3 3 1.00
monitor_0237 13 24 0.54
monitor_0512 4 8 0.50
bed_0182 40 55 0.73
bed_0404 26 81 0.32
vase_0362 1 4 0.25
monitor_0407 20 28 0.71
monitor_0394 2 3 0.67
bed_0449 35 91 0.38
monitor_0048 4 9 0.44
vase_0192 2 25 0.08
vase_0215 0 6 0.00
bed_0464 0 6 0.00
monitor_0420 2 3 0.67
monitor_0307 12 15 0.80
lamp_0009 3 5 0.60
bed_0444 5 7 0.71
monitor_0182 0 1 0.00
radio_0053 1 4 0.25
lamp_0111 210 426 0.49
lamp_0120 0 43 0.00
monitor_0023 4 6 0.67
bed_0561 1 3 0.33
monitor_0204 8 18 0.44
monitor_0234 0 2 0.00
lamp_0058 0 4 0.00
monitor_0256 3 5 0.60
monitor_0230 3 10 0.30
bed_0535 0 28 0.00
monitor_0302 4 6 0.67
bed_0113 2 9 0.22
bed_0468 14 26 0.54
monitor_0322 4 5 0.80
bed_0355 13 20 0.65
bed_0572 6 89 0.07
monitor_0280 0 1 0.00
bed_0136 9 54 0.17
monitor_0402 0 1 0.00
monitor_0189 197 426 0.46
lamp_0006 6 57 0.11
vase_0088 3 4 0.75
lamp_0136 1 42 0.02
bed_0610 11 36 0.31
monitor_0058 20 35 0.57
monitor_0538 10 13 0.77
monitor_0285 3 4 0.75
monitor_0497 3 4 0.75
bed_0595 1 8 0.12
monitor_0482 2 4 0.50
vase_0166 2 2 1.00
bed_0151 1 9 0.11
monitor_0265 12 34 0.35
bed_0391 2 9 0.22
vase_0047 2 5 0.40
vase_0386 9 23 0.39
vase_0343 27 49 0.55
monitor_0405 2 3 0.67
bed_0084 3 14 0.21
vase_0519 0 2 0.00
bed_0487 3 21 0.14
vase_0238 46 153 0.30
bed_0305 5 7 0.71
monitor_0554 15 27 0.56
monitor_0345 8 21 0.38
monitor_0173 1 2 0.50
radio_0052 6 21 0.29
monitor_0463 8 13 0.62
monitor_0215 14 30 0.47
vase_0310 104 435 0.24
radio_0120 2 4 0.50
bed_0278 1 2 0.50
bed_0103 1 3 0.33
bed_0317 10 21 0.48
bed_0509 0 5 0.00
monitor_0269 0 6 0.00
lamp_0102 3 3 1.00
radio_0082 1 1 1.00
vase_0550 19 92 0.21
bed_0492 11 43 0.26
bed_0577 1 6 0.17
bed_0175 4 19 0.21
bed_0195 6 7 0.86
radio_0035 18 34 0.53
vase_0212 0 1 0.00
monitor_0273 13 20 0.65
bed_0022 3 86 0.03
monitor_0121 3 3 1.00
bed_0603 6 49 0.12
vase_0264 2 2 1.00
bed_0520 6 51 0.12
vase_0407 2 3 0.67
monitor_0193 8 9 0.89
lamp_0114 19 45 0.42
bed_0443 1 23 0.04
monitor_0060 1 1 1.00
bed_0255 1 28 0.04
monitor_0439 7 14 0.50
lamp_0057 26 36 0.72
bed_0413 8 15 0.53
monitor_0147 1 1 1.00
vase_0066 5 12 0.42
monitor_0378 24 37 0.65
monitor_0059 27 71 0.38
monitor_0032 3 5 0.60
bed_0042 0 10 0.00
bed_0534 17 50 0.34
vase_0428 1 2 0.50
bed_0033 0 29 0.00
vase_0431 1 9 0.11
monitor_0187 12 18 0.67
bed_0517 12 36 0.33
bed_0406 25 60 0.42
bed_0342 1 3 0.33
bed_0510 4 28 0.14
lamp_0034 0 47 0.00
bed_0149 4 47 0.09
bed_0475 9 40 0.23
vase_0463 5 8 0.62
monitor_0003 2 3 0.67
monitor_0006 5 12 0.42
bed_0381 1 20 0.05
vase_0246 0 16 0.00
bed_0459 3 6 0.50
monitor_0547 7 10 0.70
monitor_0388 2 5 0.40
bed_0412 1 10 0.10
monitor_0235 5 12 0.42
bed_0021 14 43 0.33
monitor_0004 1 1 1.00
bed_0227 17 58 0.29
monitor_0476 29 36 0.81
monitor_0375 0 1 0.00
monitor_0248 60 94 0.64
vase_0114 0 13 0.00
bed_0111 59 283 0.21
bed_0235 13 43 0.30
monitor_0267 16 20 0.80
bed_0125 17 73 0.23
bed_0448 6 22 0.27
bed_0003 22 82 0.27
monitor_0245 18 37 0.49
lamp_0131 6 7 0.86
monitor_0370 25 80 0.31
bed_0428 35 62 0.56
bed_0374 8 13 0.62
monitor_0067 51 52 0.98
monitor_0002 3 10 0.30
bed_0198 66 154 0.43
bed_0292 22 40 0.55
monitor_0550 14 19 0.74
monitor_0458 2 3 0.67
bed_0337 5 17 0.29
monitor_0065 0 2 0.00
lamp_0064 0 914 0.00
bed_0134 2 25 0.08
radio_0119 1 2 0.50
lamp_0128 2 16 0.12
lamp_0082 25 125 0.20
vase_0495 46 70 0.66
monitor_0329 14 17 0.82
lamp_0109 1 28 0.04
bed_0310 73 304 0.24
bed_0467 6 10 0.60
bed_0268 12 24 0.50
vase_0118 0 5 0.00
bed_0331 28 31 0.90
monitor_0232 3 8 0.38
monitor_0088 4 5 0.80
bed_0563 0 7 0.00
bed_0063 11 16 0.69
vase_0046 0 106 0.00
bed_0166 5 7 0.71
bed_0109 4 11 0.36
lamp_0001 2 13 0.15
bed_0615 24 77 0.31
monitor_0335 11 20 0.55
vase_0035 89 159 0.56
monitor_0501 2 2 1.00
lamp_0024 3 25 0.12
lamp_0042 2 3 0.67
bed_0043 2 32 0.06
monitor_0229 4 14 0.29
vase_0340 79 88 0.90
monitor_0363 43 66 0.65
bed_0351 2 9 0.22
bed_0314 2 14 0.14
vase_0426 3 4 0.75
bed_0106 20 55 0.36
monitor_0179 6 8 0.75
bed_0184 7 16 0.44
radio_0003 8 24 0.33
bed_0507 8 40 0.20
bed_0070 17 28 0.61
lamp_0073 112 174 0.64
vase_0564 1 5 0.20
bed_0257 17 86 0.20
vase_0468 0 3 0.00
monitor_0177 5 9 0.56
radio_0106 81 81 1.00
radio_0054 2 2 1.00
monitor_0517 0 1 0.00
bed_0138 5 9 0.56
monitor_0123 7 7 1.00
monitor_0244 1 3 0.33
vase_0251 24 44 0.55
bed_0171 6 9 0.67
monitor_0444 9 17 0.53
vase_0288 4 6 0.67
monitor_0263 9 24 0.38
bed_0438 2 15 0.13
bed_0297 33 68 0.49
monitor_0475 4 5 0.80
monitor_0406 1 3 0.33
bed_0110 9 28 0.32
vase_0221 1 8 0.12
bed_0242 8 35 0.23
vase_0375 1 1 1.00
radio_0056 1 5 0.20
bed_0001 1 11 0.09
bed_0165 1 4 0.25
radio_0100 3 8 0.38
monitor_0325 23 37 0.62
monitor_0035 26 35 0.74
vase_0065 9 19 0.47
monitor_0545 3 9 0.33
vase_0022 0 1 0.00
monitor_0462 49 84 0.58
lamp_0130 3 9 0.33
bed_0611 7 10 0.70
vase_0218 0 3 0.00
bed_0574 3 15 0.20
lamp_0031 10 26 0.38
radio_0076 14 21 0.67
bed_0417 4 5 0.80
monitor_0342 7 12 0.58
lamp_0077 0 745 0.00
monitor_0490 0 1 0.00
bed_0570 7 24 0.29
lamp_0132 0 1 0.00
lamp_0023 22 35 0.63
bed_0210 6 21 0.29
monitor_0344 1 3 0.33
bed_0074 28 47 0.60
bed_0098 14 31 0.45
vase_0570 1 3 0.33
lamp_0037 0 5 0.00
monitor_0340 1 2 0.50
monitor_0159 6 10 0.60
bed_0252 4 48 0.08
monitor_0225 31 36 0.86
monitor_0333 4 4 1.00
monitor_0101 2 2 1.00
monitor_0074 7 7 1.00
vase_0575 0 1 0.00
monitor_0211 7 10 0.70
bed_0320 2 2 1.00
bed_0014 18 36 0.50
bed_0220 5 10 0.50
lamp_0030 15 35 0.43
monitor_0346 11 17 0.65
monitor_0271 34 47 0.72
monitor_0111 4 10 0.40
bed_0262 10 27 0.37
lamp_0039 61 96 0.64
monitor_0084 10 16 0.62
lamp_0088 8 8 1.00
vase_0376 50 58 0.86
vase_0475 227 542 0.42
bed_0264 1 27 0.04
monitor_0020 0 1 0.00
monitor_0036 4 6 0.67
bed_0189 0 4 0.00
monitor_0424 1 6 0.17
monitor_0157 4 6 0.67
monitor_0415 8 12 0.67
bed_0505 1 10 0.10
monitor_0557 0 1 0.00
monitor_0287 4 11 0.36
monitor_0399 37 116 0.32
bed_0302 42 90 0.47
monitor_0222 16 23 0.70
monitor_0494 2 4 0.50
vase_0039 5 15 0.33
bed_0258 85 133 0.64
bed_0130 28 74 0.38
bed_0116 4 8 0.50
lamp_0056 15 44 0.34
vase_0509 8 17 0.47
monitor_0535 28 71 0.39
monitor_0290 3 6 0.50
monitor_0537 20 47 0.43
monitor_0253 5 6 0.83
bed_0270 2 4 0.50
monitor_0492 4 10 0.40
bed_0215 8 16 0.50
monitor_0546 2 3 0.67
monitor_0081 12 17 0.71
vase_0054 13 30 0.43
vase_0110 2 2 1.00
monitor_0021 12 15 0.80
bed_0427 7 33 0.21
bed_0124 3 6 0.50
monitor_0397 8 16 0.50
monitor_0436 2 2 1.00
lamp_0055 10 10 1.00
bed_0513 3 18 0.17
bed_0160 0 1 0.00
monitor_0014 4 7 0.57
bed_0247 3 16 0.19
monitor_0331 15 33 0.45
bed_0256 7 21 0.33
bed_0089 10 12 0.83
bed_0037 7 29 0.24
radio_0010 2 2 1.00
bed_0170 2 6 0.33
bed_0238 0 16 0.00
monitor_0491 2 2 1.00
bed_0145 0 1 0.00
vase_0480 15 23 0.65
monitor_0544 7 19 0.37
vase_0051 0 1 0.00
vase_0342 0 1 0.00
bed_0085 7 23 0.30
vase_0545 36 56 0.64
bed_0496 15 229 0.07
bed_0343 3 9 0.33
bed_0248 1 6 0.17
bed_0267 9 10 0.90
monitor_0190 24 46 0.52
vase_0318 19 20 0.95
monitor_0527 28 38 0.74
vase_0567 246 312 0.79
monitor_0303 2 6 0.33
radio_0108 9 29 0.31
monitor_0165 9 13 0.69
bed_0419 1 9 0.11
radio_0107 48 70 0.69
vase_0043 3 4 0.75
bed_0553 4 6 0.67
bed_0590 0 10 0.00
monitor_0349 2 5 0.40
bed_0273 11 19 0.58
lamp_0027 1 3 0.33
bed_0191 6 16 0.38
bed_0566 25 35 0.71
monitor_0126 12 16 0.75
monitor_0493 1 1 1.00
monitor_0039 3 6 0.50
vase_0267 60 104 0.58
monitor_0112 1 2 0.50
bed_0327 13 30 0.43
radio_0020 8 11 0.73
vase_0406 0 1 0.00
monitor_0499 5 11 0.45
bed_0581 2 8 0.25
monitor_0103 18 25 0.72
radio_0055 1 1 1.00
monitor_0564 29 43 0.67
bed_0578 7 17 0.41
monitor_0205 76 113 0.67
lamp_0033 10 10 1.00
bed_0383 35 47 0.74
bed_0313 76 82 0.93
monitor_0192 6 13 0.46
monitor_0389 7 10 0.70
bed_0470 35 295 0.12
monitor_0117 2 5 0.40
vase_0053 37 58 0.64
monitor_0408 24 45 0.53
bed_0117 2 6 0.33
bed_0239 22 43 0.51
monitor_0259 4 11 0.36
vase_0036 0 1 0.00
radio_0061 0 2 0.00
monitor_0116 1 8 0.12
lamp_0084 58 95 0.61
monitor_0087 3 9 0.33
bed_0086 10 15 0.67
bed_0178 13 106 0.12
monitor_0168 19 29 0.66
bed_0181 14 47 0.30
vase_0087 119 190 0.63
lamp_0080 339 528 0.64
monitor_0050 10 13 0.77
monitor_0170 5 12 0.42
monitor_0282 7 9 0.78
vase_0063 1 1 1.00
lamp_0062 0 665 0.00
monitor_0359 11 18 0.61
monitor_0330 34 98 0.35
monitor_0252 9 20 0.45
bed_0253 10 24 0.42
bed_0036 2 23 0.09
vase_0499 59 109 0.54
monitor_0213 27 37 0.73
bed_0545 1 18 0.06
lamp_0071 1 1 1.00
bed_0349 4 15 0.27
radio_0058 0 3 0.00
lamp_0143 4 10 0.40
monitor_0022 4 9 0.44
bed_0592 11 24 0.46
bed_0315 9 21 0.43
radio_0111 1 1 1.00
bed_0542 7 16 0.44
bed_0068 3 7 0.43
radio_0014 2 10 0.20
monitor_0124 9 15 0.60
monitor_0533 5 8 0.62
bed_0039 0 28 0.00
monitor_0279 14 25 0.56
lamp_0061 11 13 0.85
bed_0126 0 7 0.00
vase_0365 3 5 0.60
bed_0388 0 5 0.00
bed_0432 14 34 0.41
bed_0376 14 28 0.50
bed_0497 46 93 0.49
monitor_0209 36 81 0.44
bed_0150 0 12 0.00
vase_0209 0 2 0.00
bed_0206 1 5 0.20
monitor_0138 8 11 0.73
monitor_0219 0 3 0.00
monitor_0043 5 5 1.00
monitor_0240 43 106 0.41
monitor_0247 3 5 0.60
bed_0083 0 47 0.00
bed_0515 5 40 0.12
lamp_0125 38 138 0.28
bed_0233 5 29 0.17
vase_0228 0 1 0.00
bed_0589 2 5 0.40
bed_0065 35 57 0.61
bed_0364 21 26 0.81
monitor_0070 2 6 0.33
monitor_0468 2 4 0.50
bed_0607 15 36 0.42
monitor_0258 7 17 0.41
monitor_0162 98 262 0.37
bed_0095 0 5 0.00
bed_0236 8 24 0.33
vase_0208 17 21 0.81
monitor_0396 6 8 0.75
bed_0200 4 9 0.44
bed_0365 3 9 0.33
monitor_0308 4 9 0.44
bed_0521 1 15 0.07
monitor_0452 2 11 0.18
monitor_0129 19 22 0.86
monitor_0077 20 36 0.56
monitor_0523 17 20 0.85
lamp_0044 29 40 0.72
vase_0489 6 12 0.50
monitor_0552 4 6 0.67
lamp_0094 2 3 0.67
monitor_0044 2 3 0.67
bed_0392 1 6 0.17
bed_0318 0 4 0.00
monitor_0107 12 16 0.75
monitor_0149 5 11 0.45
vase_0466 82 160 0.51
bed_0435 0 4 0.00
bed_0090 0 1 0.00
bed_0211 0 2 0.00
vase_0418 10 23 0.43
vase_0083 6 24 0.25
monitor_0460 14 24 0.58
vase_0049 37 66 0.56
lamp_0007 0 6 0.00
monitor_0536 1 5 0.20
radio_0068 20 38 0.53
monitor_0319 5 8 0.62
bed_0266 2 9 0.22
bed_0240 7 18 0.39
bed_0203 0 37 0.00
bed_0476 31 45 0.69
vase_0488 13 33 0.39
bed_0225 0 17 0.00
bed_0348 3 29 0.10
bed_0133 1 34 0.03
monitor_0019 1 5 0.20
radio_0016 2 3 0.67
lamp_0134 61 136 0.45
radio_0083 31 67 0.46
vase_0298 45 199 0.23
lamp_0085 13 24 0.54
monitor_0513 7 14 0.50
bed_0241 5 15 0.33
radio_0069 43 76 0.57
vase_0082 1 1 1.00
bed_0575 13 20 0.65
bed_0336 10 28 0.36
monitor_0008 1 1 1.00
monitor_0283 6 8 0.75
radio_0072 7 13 0.54
bed_0004 4 95 0.04
bed_0054 0 19 0.00
radio_0064 6 19 0.32
monitor_0354 5 11 0.45
bed_0462 7 11 0.64
bed_0197 63 167 0.38
lamp_0065 11 16 0.69
monitor_0246 2 5 0.40
bed_0304 1 5 0.20
monitor_0466 4 9 0.44
monitor_0515 2 6 0.33
monitor_0432 2 5 0.40
bed_0602 1 7 0.14
bed_0440 25 46 0.54
bed_0308 1 7 0.14
bed_0269 16 23 0.70
monitor_0496 4 7 0.57
monitor_0085 3 4 0.75
bed_0228 43 64 0.67
lamp_0072 8 38 0.21
bed_0245 15 18 0.83
bed_0466 14 27 0.52
radio_0101 5 12 0.42
bed_0005 3 7 0.43
bed_0394 0 42 0.00
bed_0102 3 11 0.27
monitor_0380 2 2 1.00
bed_0437 0 8 0.00
lamp_0078 5 7 0.71
monitor_0366 3 5 0.60
monitor_0155 3 4 0.75
lamp_0100 18 26 0.69
monitor_0314 19 22 0.86
monitor_0188 25 38 0.66
monitor_0257 183 219 0.84
bed_0612 20 160 0.12
bed_0576 8 30 0.27
monitor_0374 4 4 1.00
monitor_0293 3 7 0.43
vase_0138 53 78 0.68
vase_0436 152 415 0.37
bed_0143 4 10 0.40
bed_0332 1 14 0.07
lamp_0074 2 3 0.67
radio_0050 5 14 0.36
radio_0117 1 2 0.50
monitor_0220 0 1 0.00
vase_0557 4 10 0.40
bed_0423 20 29 0.69
radio_0019 2 13 0.15
bed_0216 6 19 0.32
lamp_0060 42 98 0.43
bed_0371 0 3 0.00
bed_0300 10 17 0.59
bed_0452 11 38 0.29
monitor_0477 30 70 0.43
monitor_0334 3 11 0.27
vase_0225 2 3 0.67
monitor_0365 5 13 0.38
vase_0207 131 192 0.68
vase_0347 0 13 0.00
monitor_0316 24 27 0.89
bed_0425 2 3 0.67
monitor_0172 1 4 0.25
lamp_0091 2 34 0.06
monitor_0509 248 565 0.44
monitor_0122 32 69 0.46
lamp_0047 43 68 0.63
monitor_0313 6 10 0.60
bed_0386 2 4 0.50
vase_0473 4 76 0.05
vase_0168 0 5 0.00
bed_0474 3 7 0.43
bed_0059 1 4 0.25
bed_0058 1 30 0.03
vase_0260 0 41 0.00
radio_0063 6 13 0.46
bed_0446 6 16 0.38
bed_0473 13 21 0.62
bed_0554 5 24 0.21
bed_0291 13 17 0.76
vase_0393 6 6 1.00
monitor_0384 13 21 0.62
bed_0377 15 61 0.25
monitor_0505 6 8 0.75
radio_0105 3 25 0.12
monitor_0093 0 2 0.00
bed_0051 9 55 0.16
monitor_0086 11 20 0.55
bed_0580 3 47 0.06
monitor_0488 0 1 0.00
bed_0250 4 14 0.29
lamp_0028 28 36 0.78
bed_0249 9 19 0.47
bed_0549 31 44 0.70
monitor_0281 5 9 0.56
monitor_0531 2 3 0.67
monitor_0250 0 1 0.00
radio_0099 2 3 0.67
vase_0432 60 95 0.63
monitor_0115 4 10 0.40
vase_0032 0 6 0.00
lamp_0117 0 9 0.00
bed_0188 8 13 0.62
bed_0129 3 18 0.17
monitor_0506 5 5 1.00
monitor_0507 27 31 0.87
bed_0229 3 25 0.12
lamp_0069 1 1 1.00
monitor_0034 3 12 0.25
monitor_0421 4 10 0.40
bed_0096 32 52 0.62
monitor_0486 3 3 1.00
vase_0034 8 11 0.73
monitor_0052 1 1 1.00
monitor_0519 1 3 0.33
bed_0460 1 12 0.08
vase_0449 0 15 0.00
radio_0048 2 9 0.22
radio_0032 3 3 1.00
bed_0081 3 10 0.30
monitor_0295 1 1 1.00
bed_0597 15 18 0.83
radio_0080 0 2 0.00
bed_0500 9 14 0.64
bed_0217 0 40 0.00
lamp_0049 28 56 0.50
vase_0354 7 18 0.39
bed_0284 9 35 0.26
vase_0068 10 14 0.71
bed_0132 2 4 0.50
radio_0095 1 3 0.33
bed_0008 21 39 0.54
vase_0304 0 7 0.00
bed_0322 3 10 0.30
bed_0209 2 13 0.15
monitor_0412 27 51 0.53
radio_0123 0 1 0.00
lamp_0067 18 96 0.19
lamp_0079 0 51 0.00
vase_0128 3 4 0.75
monitor_0151 9 14 0.64
bed_0565 6 24 0.25
bed_0311 9 23 0.39
radio_0005 4 6 0.67
radio_0085 13 20 0.65
vase_0257 0 1 0.00
vase_0453 4 6 0.67
bed_0329 20 25 0.80
monitor_0321 0 2 0.00
bed_0330 23 29 0.79
monitor_0315 2 4 0.50
monitor_0113 10 13 0.77
bed_0506 2 4 0.50
monitor_0097 6 13 0.46
monitor_0473 6 9 0.67
monitor_0495 2 5 0.40
vase_0263 3 4 0.75
bed_0030 25 46 0.54
monitor_0504 6 7 0.86
bed_0275 0 24 0.00
monitor_0181 4 8 0.50
monitor_0514 12 15 0.80
bed_0387 1 18 0.06
vase_0326 1 1 1.00
monitor_0555 2 6 0.33
bed_0128 26 92 0.28
bed_0108 2 6 0.33
bed_0489 36 101 0.36
bed_0598 3 5 0.60
bed_0017 7 71 0.10
monitor_0339 0 4 0.00
radio_0094 0 3 0.00
vase_0315 2 8 0.25
monitor_0071 8 9 0.89
monitor_0338 3 7 0.43
vase_0237 81 144 0.56
radio_0074 9 18 0.50
bed_0471 7 19 0.37
monitor_0013 15 22 0.68
lamp_0110 0 28 0.00
monitor_0178 3 3 1.00
monitor_0136 36 67 0.54
monitor_0175 3 6 0.50
bed_0094 0 4 0.00
bed_0234 1 3 0.33
bed_0543 2 8 0.25
vase_0450 23 32 0.72
bed_0499 72 98 0.73
monitor_0438 4 6 0.67
monitor_0529 4 11 0.36
vase_0491 2 7 0.29
lamp_0035 14 17 0.82
monitor_0098 1 3 0.33
bed_0357 0 3 0.00
bed_0469 8 15 0.53
bed_0024 13 19 0.68
monitor_0150 8 21 0.38
monitor_0427 107 231 0.46
lamp_0004 57 109 0.52
bed_0415 3 10 0.30
vase_0269 123 673 0.18
monitor_0212 1 1 1.00
bed_0341 4 11 0.36
monitor_0128 77 113 0.68
bed_0155 2 5 0.40
monitor_0196 1 2 0.50
bed_0144 26 41 0.63
bed_0259 5 13 0.38
monitor_0371 4 10 0.40
monitor_0072 4 15 0.27
monitor_0404 1 5 0.20
monitor_0351 6 7 0.86
bed_0472 9 12 0.75
monitor_0153 3 18 0.17
bed_0493 5 43 0.12
radio_0112 0 1 0.00
bed_0032 2 30 0.07
monitor_0207 17 24 0.71
monitor_0561 0 1 0.00
vase_0420 173 277 0.62
bed_0288 8 26 0.31
radio_0028 68 70 0.97
bed_0079 15 38 0.39
bed_0606 31 56 0.55
vase_0532 1 2 0.50
bed_0490 5 7 0.71
radio_0110 9 15 0.60
bed_0436 7 20 0.35
monitor_0089 0 3 0.00
radio_0045 27 54 0.50
bed_0398 2 12 0.17
bed_0015 14 58 0.24
monitor_0090 4 12 0.33
monitor_0478 12 15 0.80
vase_0198 0 11 0.00
monitor_0092 6 6 1.00
vase_0389 0 3 0.00
bed_0526 2 24 0.08
bed_0495 0 4 0.00
bed_0503 12 24 0.50
radio_0021 0 1 0.00
vase_0405 0 8 0.00
vase_0144 2 2 1.00
monitor_0450 5 12 0.42
bed_0199 3 23 0.13
vase_0107 1 1 1.00
monitor_0018 31 46 0.67
lamp_0086 229 646 0.35
bed_0282 3 12 0.25
vase_0296 7 8 0.88
monitor_0503 7 12 0.58
bed_0186 15 23 0.65
bed_0034 8 27 0.30
monitor_0447 35 36 0.97
monitor_0304 6 18 0.33
radio_0078 2 8 0.25
vase_0129 0 13 0.00
bed_0251 8 20 0.40
vase_0101 20 61 0.33
lamp_0011 146 435 0.34
monitor_0144 1 3 0.33
monitor_0167 6 13 0.46
bed_0518 32 62 0.52
monitor_0347 1 3 0.33
monitor_0498 1 1 1.00
bed_0172 30 85 0.35
bed_0071 0 5 0.00
bed_0142 16 21 0.76
monitor_0300 3 3 1.00
bed_0596 4 14 0.29
monitor_0305 6 11 0.55
monitor_0073 0 4 0.00
vase_0456 4 5 0.80
monitor_0356 5 7 0.71
monitor_0453 5 7 0.71
monitor_0540 5 12 0.42
monitor_0198 16 21 0.76
monitor_0076 43 69 0.62
bed_0544 0 44 0.00
bed_0538 3 8 0.38
monitor_0083 7 12 0.58
monitor_0166 7 12 0.58
bed_0382 25 45 0.56
monitor_0510 3 6 0.50
bed_0458 9 26 0.35
bed_0112 2 5 0.40
lamp_0048 25 44 0.57
lamp_0116 245 733 0.33
monitor_0489 30 53 0.57
radio_0027 9 14 0.64
radio_0115 18 40 0.45
monitor_0352 7 10 0.70
bed_0147 2 97 0.02
monitor_0411 7 10 0.70
monitor_0062 6 10 0.60
monitor_0270 7 21 0.33
bed_0399 8 17 0.47
monitor_0357 15 24 0.62
bed_0454 1 18 0.06
monitor_0197 45 66 0.68
vase_0481 2 8 0.25
bed_0614 13 23 0.57
vase_0180 1 1 1.00
bed_0541 1 13 0.08
bed_0354 7 16 0.44
bed_0076 2 17 0.12
bed_0286 3 17 0.18
monitor_0362 3 6 0.50
bed_0202 10 18 0.56
bed_0158 3 37 0.08
bed_0483 11 33 0.33
monitor_0169 1 4 0.25
bed_0421 3 26 0.12
radio_0109 62 64 0.97
bed_0159 0 13 0.00
bed_0223 28 51 0.55
radio_0006 228 257 0.89
bed_0299 12 83 0.14
monitor_0236 1 1 1.00
lamp_0124 31 69 0.45
monitor_0317 47 74 0.64
radio_0031 5 53 0.09
bed_0105 0 1 0.00
monitor_0042 1 5 0.20
vase_0224 1 10 0.10
lamp_0010 19 37 0.51
monitor_0249 13 83 0.16
bed_0169 1 5 0.20
monitor_0430 102 169 0.60
bed_0378 5 24 0.21
monitor_0120 8 11 0.73
bed_0156 202 442 0.46
lamp_0107 24 162 0.15
vase_0044 1 1 1.00
bed_0522 1 30 0.03
vase_0210 30 66 0.45
bed_0347 7 37 0.19
vase_0141 3 4 0.75
monitor_0152 10 32 0.31
monitor_0142 0 4 0.00
bed_0027 8 13 0.62
lamp_0137 9 14 0.64
monitor_0301 13 15 0.87
monitor_0079 8 10 0.80
monitor_0102 50 85 0.59
monitor_0426 1 3 0.33
monitor_0377 1 1 1.00
monitor_0337 1 2 0.50
radio_0029 8 20 0.40
bed_0562 2 3 0.67
monitor_0164 1 4 0.25
bed_0335 5 39 0.13
monitor_0297 26 38 0.68
monitor_0064 5 9 0.56
lamp_0043 348 415 0.84
bed_0463 8 24 0.33
vase_0029 3 13 0.23
monitor_0007 10 42 0.24
bed_0153 2 28 0.07
lamp_0142 75 79 0.95
bed_0555 2 10 0.20
vase_0179 1 1 1.00
monitor_0288 1 5 0.20
lamp_0017 13 20 0.65
monitor_0264 1 1 1.00
radio_0009 1 2 0.50
lamp_0015 31 39 0.79
vase_0027 1 3 0.33
lamp_0083 5 10 0.50
bed_0379 9 51 0.18
monitor_0131 5 15 0.33
bed_0026 4 45 0.09
bed_0163 2 10 0.20
bed_0201 0 9 0.00
radio_0089 2 8 0.25
monitor_0274 4 10 0.40
radio_0077 25 41 0.61
bed_0326 6 11 0.55
monitor_0443 0 3 0.00
bed_0508 0 39 0.00
radio_0121 1 3 0.33
monitor_0417 10 20 0.50
bed_0174 9 12 0.75
monitor_0528 3 7 0.43
bed_0324 3 58 0.05
bed_0601 2 62 0.03
vase_0352 1 1 1.00
monitor_0445 6 15 0.40
bed_0524 1 11 0.09
monitor_0299 9 12 0.75
monitor_0410 2 4 0.50
bed_0453 2 95 0.02
monitor_0361 5 9 0.56
monitor_0262 4 6 0.67
bed_0088 18 24 0.75
monitor_0441 0 2 0.00
monitor_0364 3 7 0.43
bed_0277 19 42 0.45
monitor_0047 11 16 0.69
monitor_0031 7 9 0.78
vase_0507 59 122 0.48
monitor_0106 46 74 0.62
vase_0108 3 3 1.00
monitor_0104 11 13 0.85
lamp_0041 6 22 0.27
lamp_0108 1 2 0.50
radio_0008 0 1 0.00
monitor_0464 48 105 0.46
bed_0583 8 14 0.57
monitor_0398 7 10 0.70
monitor_0068 6 14 0.43
monitor_0010 2 5 0.40
vase_0253 20 37 0.54
monitor_0508 6 17 0.35
bed_0325 2 8 0.25
radio_0018 2 3 0.67
bed_0552 12 16 0.75
vase_0184 19 33 0.58
bed_0403 5 12 0.42
monitor_0472 0 1 0.00
bed_0568 45 75 0.60
vase_0211 38 65 0.58
monitor_0063 36 52 0.69
monitor_0487 2 6 0.33
bed_0312 2 4 0.50
monitor_0437 4 8 0.50
monitor_0480 2 7 0.29
monitor_0134 10 19 0.53
bed_0031 6 23 0.26
monitor_0094 9 17 0.53
bed_0504 87 192 0.45
radio_0042 0 1 0.00
lamp_0068 12 23 0.52
bed_0461 3 14 0.21
monitor_0310 2 7 0.29
bed_0226 1 1 1.00
bed_0041 1 16 0.06
monitor_0029 5 40 0.12
vase_0191 1 1 1.00
bed_0196 11 25 0.44
bed_0569 34 51 0.67
vase_0226 6 11 0.55
monitor_0114 32 56 0.57
bed_0350 5 12 0.42
bed_0587 3 7 0.43
bed_0528 5 7 0.71
bed_0293 2 18 0.11
lamp_0070 25 40 0.62
bed_0179 30 57 0.53
lamp_0020 142 188 0.76
bed_0532 0 14 0.00
radio_0104 2 8 0.25
lamp_0013 0 17 0.00
lamp_0002 11 46 0.24
lamp_0112 175 260 0.67
bed_0548 6 30 0.20
bed_0019 13 32 0.41
lamp_0066 1 1 1.00
monitor_0558 6 11 0.55
bed_0038 15 38 0.39
vase_0274 2 2 1.00
monitor_0400 7 13 0.54
bed_0484 18 29 0.62
vase_0091 42 58 0.72
radio_0088 2 6 0.33
radio_0026 4 12 0.33
monitor_0393 11 15 0.73
monitor_0185 2 6 0.33
bed_0243 8 31 0.26
monitor_0224 0 2 0.00
monitor_0033 3 5 0.60
bed_0082 0 22 0.00
lamp_0118 8 69 0.12
vase_0439 0 7 0.00
bed_0593 4 21 0.19
bed_0135 3 23 0.13
bed_0208 4 5 0.80
monitor_0323 55 74 0.74
monitor_0221 11 24 0.46
lamp_0101 4 7 0.57
bed_0609 4 12 0.33
vase_0216 2 6 0.33
bed_0224 1 19 0.05
monitor_0500 0 2 0.00
bed_0167 0 38 0.00
bed_0289 0 92 0.00
bed_0362 5 19 0.26
lamp_0122 27 35 0.77
bed_0101 2 10 0.20
bed_0579 2 16 0.12
bed_0007 1 4 0.25
monitor_0454 7 10 0.70
radio_0062 0 6 0.00
monitor_0082 16 34 0.47
bed_0100 0 5 0.00
lamp_0140 1 1 1.00
monitor_0459 0 1 0.00
monitor_0516 3 8 0.38
monitor_0184 7 13 0.54
vase_0116 1 1 1.00
monitor_0543 1 9 0.11
monitor_0350 5 8 0.62
monitor_0105 8 14 0.57
radio_0034 3 14 0.21
bed_0613 5 11 0.45
bed_0099 6 23 0.26
monitor_0521 4 12 0.33
vase_0067 231 579 0.40
bed_0213 1 2 0.50
monitor_0037 13 18 0.72
radio_0071 4 5 0.80
monitor_0355 18 28 0.64
bed_0152 6 15 0.40
monitor_0386 12 16 0.75
bed_0307 24 64 0.38
bed_0372 47 70 0.67
bed_0433 2 57 0.04
bed_0414 1 18 0.06
lamp_0089 193 296 0.65
monitor_0530 7 13 0.54
monitor_0080 1 1 1.00
vase_0531 37 68 0.54
bed_0480 25 46 0.54
monitor_0216 19 23 0.83
radio_0038 7 16 0.44
radio_0067 1 1 1.00
monitor_0409 2 3 0.67
monitor_0284 0 12 0.00
bed_0482 0 4 0.00
bed_0020 6 35 0.17
radio_0044 2 2 1.00
monitor_0195 7 15 0.47
bed_0025 3 21 0.14
monitor_0049 8 17 0.47
monitor_0549 13 19 0.68
bed_0491 0 2 0.00
lamp_0098 41 374 0.11
monitor_0520 2 4 0.50
bed_0498 5 96 0.05
bed_0204 20 40 0.50
bed_0401 2 15 0.13
monitor_0511 10 36 0.28
lamp_0135 15 25 0.60
lamp_0040 5 28 0.18
monitor_0539 4 5 0.80
vase_0200 5 11 0.45
bed_0006 3 14 0.21
vase_0085 3 4 0.75
bed_0502 17 24 0.71
bed_0045 7 14 0.50
radio_0043 14 16 0.88
lamp_0059 14 45 0.31
monitor_0054 0 17 0.00
vase_0484 6 15 0.40
monitor_0560 0 2 0.00
monitor_0373 2 2 1.00
monitor_0268 7 10 0.70
vase_0487 131 235 0.56
monitor_0551 2 5 0.40
bed_0232 41 87 0.47
monitor_0326 7 19 0.37
radio_0025 15 16 0.94
bed_0586 1 4 0.25
bed_0411 19 23 0.83
bed_0296 5 8 0.62
monitor_0100 2 6 0.33
bed_0055 0 6 0.00
bed_0582 2 13 0.15
lamp_0092 107 127 0.84
bed_0044 0 39 0.00
bed_0557 11 30 0.37
bed_0363 0 13 0.00
bed_0319 4 37 0.11
monitor_0109 7 9 0.78
monitor_0015 0 3 0.00
monitor_0025 1 6 0.17
vase_0079 0 17 0.00
bed_0488 3 56 0.05
vase_0291 2 12 0.17
monitor_0046 2 6 0.33
monitor_0056 22 37 0.59
bed_0272 12 45 0.27
bed_0265 20 48 0.42
bed_0390 0 8 0.00
bed_0261 4 44 0.09
vase_0513 5 6 0.83
bed_0114 0 44 0.00
bed_0077 109 282 0.39
bed_0530 1 3 0.33
monitor_0391 38 57 0.67
vase_0223 5 8 0.62
monitor_0525 8 11 0.73
radio_0124 1 44 0.02
monitor_0125 1 4 0.25
bed_0368 27 30 0.90
bed_0546 13 25 0.52
vase_0516 1 3 0.33
bed_0118 0 7 0.00
vase_0506 1 1 1.00
bed_0571 36 46 0.78
lamp_0119 0 4 0.00
monitor_0243 24 35 0.69
monitor_0387 6 8 0.75
bed_0591 2 11 0.18
vase_0552 0 5 0.00
monitor_0431 80 158 0.51
vase_0443 0 1 0.00
bed_0340 1 2 0.50
bed_0176 2 16 0.12
radio_0039 0 1 0.00
bed_0558 2 6 0.33
bed_0450 29 38 0.76
bed_0056 14 78 0.18
bed_0140 1 46 0.02
vase_0195 0 4 0.00
monitor_0471 7 11 0.64
monitor_0206 52 73 0.71
monitor_0017 7 10 0.70
bed_0173 46 195 0.24
bed_0366 1 3 0.33
monitor_0223 16 29 0.55
monitor_0141 0 1 0.00
radio_0049 0 3 0.00
radio_0046 0 2 0.00
bed_0121 0 7 0.00
monitor_0200 1 1 1.00
radio_0093 0 2 0.00
monitor_0075 8 11 0.73
bed_0097 2 21 0.10
monitor_0383 1 7 0.14
bed_0162 0 10 0.00
monitor_0272 0 1 0.00
radio_0097 15 29 0.52
bed_0246 5 13 0.38
bed_0052 1 25 0.04
lamp_0093 3 13 0.23
bed_0525 112 205 0.55
vase_0562 5 6 0.83
monitor_0318 27 42 0.64
bed_0040 2 14 0.14
monitor_0135 2 6 0.33
bed_0477 53 87 0.61
bed_0168 4 22 0.18
monitor_0231 2 4 0.50
vase_0140 1 1 1.00
bed_0274 3 5 0.60
monitor_0127 6 10 0.60
bed_0385 15 38 0.39
monitor_0040 7 9 0.78
bed_0396 11 16 0.69
monitor_0078 1 1 1.00
monitor_0292 2 3 0.67
monitor_0469 0 2 0.00
radio_0041 0 58 0.00
bed_0420 4 13 0.31
lamp_0081 63 176 0.36
bed_0123 2 13 0.15
monitor_0474 12 22 0.55
bed_0424 1 3 0.33
vase_0294 6 7 0.86
vase_0520 35 60 0.58
vase_0132 18 45 0.40
monitor_0341 8 9 0.89
monitor_0419 1 4 0.25
vase_0424 0 1 0.00
monitor_0053 55 60 0.92
lamp_0036 211 327 0.65
monitor_0559 2 3 0.67
bed_0478 1 17 0.06
bed_0276 16 73 0.22
bed_0434 20 43 0.47
vase_0137 1 1 1.00
bed_0087 0 37 0.00
monitor_0312 1 2 0.50
monitor_0289 10 15 0.67
bed_0511 2 8 0.25
bed_0306 4 11 0.36
bed_0139 3 33 0.09
bed_0370 1 5 0.20
bed_0393 0 2 0.00
monitor_0026 0 10 0.00
monitor_0360 23 28 0.82
monitor_0218 1 2 0.50
bed_0281 2 5 0.40
monitor_0562 1 1 1.00
lamp_0104 1 3 0.33
bed_0219 27 50 0.54
bed_0309 25 49 0.51
monitor_0139 0 2 0.00
monitor_0277 12 41 0.29
monitor_0183 1 4 0.25
radio_0086 0 2 0.00
vase_0104 0 1 0.00
monitor_0367 18 22 0.82
bed_0035 14 27 0.52
radio_0033 2 3 0.67
bed_0280 1 3 0.33
bed_0107 6 26 0.23
bed_0119 23 63 0.37
lamp_0012 22 505 0.04
monitor_0030 7 11 0.64
lamp_0016 119 245 0.49
vase_0015 0 1 0.00
bed_0295 5 39 0.13
radio_0022 12 17 0.71
radio_0059 6 8 0.75
bed_0531 18 35 0.51
bed_0046 0 2 0.00
radio_0036 23 41 0.56
monitor_0483 1 3 0.33
bed_0533 8 9 0.89
bed_0185 1 4 0.25
monitor_0210 11 16 0.69
bed_0078 30 41 0.73
vase_0350 53 94 0.56
monitor_0556 2 3 0.67
vase_0183 0 1 0.00
monitor_0311 0 1 0.00
bed_0161 13 49 0.27
lamp_0076 230 440 0.52
monitor_0423 0 3 0.00
monitor_0309 5 11 0.45
monitor_0055 11 13 0.85
monitor_0145 9 60 0.15
bed_0334 11 34 0.32
monitor_0369 2 3 0.67
bed_0441 0 9 0.00
monitor_0336 1 6 0.17
lamp_0038 1 4 0.25
monitor_0442 1 2 0.50
bed_0564 34 78 0.44
lamp_0099 8 27 0.30
bed_0560 11 26 0.42
radio_0113 0 3 0.00
bed_0367 122 200 0.61
radio_0011 0 1 0.00
vase_0522 0 1 0.00
bed_0073 1 72 0.01
radio_0030 12 19 0.63
lamp_0026 4 15 0.27
bed_0397 13 22 0.59
monitor_0254 0 7 0.00
bed_0023 5 16 0.31
bed_0605 3 3 1.00
bed_0244 12 14 0.86
bed_0321 7 15 0.47
vase_0131 2 7 0.29
monitor_0011 3 8 0.38
monitor_0024 14 22 0.64
lamp_0106 2 2 1.00
bed_0287 1 11 0.09
monitor_0228 16 45 0.36
monitor_0041 5 8 0.62
vase_0305 3 4 0.75
monitor_0016 5 7 0.71
monitor_0027 0 3 0.00
monitor_0413 18 43 0.42
monitor_0306 1 2 0.50
bed_0588 9 23 0.39
bed_0429 3 14 0.21
monitor_0069 4 5 0.80
bed_0062 1 19 0.05
vase_0239 7 9 0.78
bed_0018 3 9 0.33
bed_0407 0 14 0.00
monitor_0156 3 15 0.20
